202867260.10158485 [[ 0.25524318  0.87090938  1.45900434  1.03057038  0.42047244 23.53338255
  19.88030405  7.89495459 27.23866874 10.18331555 23.4979303 ]]

201422720.92427862 [[ 0.74825916  1.01382809  1.4616876   0.21212011  0.93235485 23.30227267
  19.91948432  7.83887114 27.1721224   9.68684333 23.86173522]]

209826702.06070244 [[ 0.1333278   1.32490754  1.46153953  0.79424899  0.67121925 23.88590293
  19.80731447  8.50080573 26.98224652 10.37931554 23.21070503]]


i=2852000, loss=0.412894, theta=[[ 0.07788034  0.7133097   1.46244153  0.12544592  0.35579061 23.83292788
  19.54412881  8.54747495 27.22729015  9.94097259 23.34086234]]
[[7.78803391e-02 1.59829211e+05 1.79722695e+05 1.88053887e+05
  1.81409231e+05 1.66695879e+05 1.81055713e+05 1.65771096e+05
  1.71859378e+05 1.76992087e+05 1.52638546e+05 1.70825722e+05
  1.39708992e+05 1.44483774e+05 1.63300887e+05 1.39570967e+05
  2.22500905e+05 1.94497099e+05 1.98239536e+05 2.07327405e+05
  2.51201897e+05 2.21196624e+05 1.74130876e+05 1.87963395e+05
  1.57394026e+05 1.75499025e+05 1.82881516e+05 2.36269008e+05
  1.91208740e+05 1.71976588e+05 1.83894215e+05 1.85454159e+05
  1.58627527e+05 1.90974084e+05 2.19047477e+05 2.12822918e+05
  1.76461595e+05 1.75117792e+05 1.53794338e+05 1.52813042e+05
  1.54124642e+05 1.65834781e+05 1.47679320e+05 1.88424801e+05
  1.88136596e+05 1.82052992e+05 1.99966397e+05 2.20135611e+05
  2.10185713e+05 1.81435404e+05 1.70320338e+05 1.69822500e+05
  1.83732390e+05 1.89993672e+05 1.93955378e+05 2.20927326e+05
  1.90335509e+05 1.66367136e+05 1.86484077e+05 1.82042251e+05
  1.61914810e+05 1.68813200e+05 1.86564821e+05 1.65423118e+05
  1.62394230e+05 1.57952733e+05 1.62422788e+05 1.57039146e+05
  1.60719217e+05 1.64578385e+05 1.77610363e+05 1.80333106e+05
  1.43036064e+05 1.70541713e+05 1.59463929e+05 1.82811536e+05
  1.64089374e+05 1.53557414e+05 1.75404539e+05 2.05239057e+05
  1.98913240e+05 1.76555840e+05 1.74557960e+05 1.94045547e+05
  1.37898538e+05 1.51509666e+05 1.59802097e+05 1.67406708e+05
  1.64491377e+05 1.51655283e+05 1.72003097e+05 1.54534898e+05
  1.90071603e+05 1.75788827e+05 1.53649710e+05 1.97912428e+05
  1.61739241e+05 1.70297450e+05 1.43736778e+05 1.79605216e+05
  1.76287539e+05 1.95300494e+05 1.51050735e+05 1.48482914e+05
  1.75072810e+05 1.74487381e+05 1.99611330e+05 1.46138557e+05
  2.07425771e+05 1.94279821e+05 1.65069240e+05 1.73639801e+05
  1.65886403e+05 1.96600817e+05 1.75837952e+05 1.84080503e+05
  1.97714411e+05 1.68868282e+05 1.78699085e+05 1.61689374e+05
  1.83649501e+05 1.67387548e+05 1.50653040e+05 2.10826648e+05
  2.00974755e+05 1.45064011e+05 1.38449557e+05 1.56001115e+05
  1.67803000e+05 1.64173570e+05 1.58026606e+05 1.47871455e+05
  1.63091593e+05 1.48693000e+05 2.08673282e+05 1.76794347e+05
  2.01379130e+05 2.11081895e+05 1.96882802e+05 1.54427772e+05
  1.61104488e+05 1.32367860e+05 1.59913530e+05 1.52674545e+05
  1.82542949e+05 1.98042232e+05 1.72965275e+05 2.16238652e+05
  1.81701244e+05 1.71098623e+05 1.72920797e+05 1.80506852e+05
  1.82570521e+05 1.81620708e+05 1.44241102e+05 1.41212006e+05
  1.41831012e+05 1.44707886e+05 1.48453105e+05 1.56944978e+05
  2.12049754e+05 1.67895824e+05 1.74446070e+05 1.98042036e+05
  1.96493328e+05 1.58792072e+05 1.81190839e+05 1.82007687e+05
  2.10961059e+05 1.79459740e+05 2.28975693e+05 1.79440224e+05
  1.92595991e+05 1.69255002e+05 1.78894087e+05 1.73408987e+05
  1.64943020e+05 1.96685968e+05 2.04743768e+05 1.92998611e+05
  2.29177767e+05 1.94866313e+05 1.89259769e+05 1.90093314e+05
  1.88131379e+05 1.88255032e+05 1.66230129e+05 1.70967251e+05
  1.65242464e+05 1.58779501e+05 1.50288823e+05 1.53182317e+05
  1.39733317e+05 1.39948423e+05 1.66072423e+05 1.51102426e+05
  1.63425765e+05 1.66201985e+05 1.63471534e+05 1.39681886e+05
  1.68332817e+05 2.42011472e+05 2.32712675e+05 2.16212126e+05
  2.47408909e+05 2.01183692e+05 2.11953165e+05 2.41947009e+05
  2.00664590e+05 1.89183307e+05 2.07541574e+05 2.01592776e+05
  2.40474988e+05 2.19337386e+05 1.92615546e+05 1.73188758e+05
  1.69542314e+05 1.78213230e+05 2.42355538e+05 2.26672772e+05
  2.00213421e+05 1.77759215e+05 2.06188888e+05 1.70272438e+05
  1.74674522e+05 1.73158062e+05 1.60426361e+05 1.69821895e+05
  1.78566898e+05 1.80148280e+05 1.73893805e+05 1.66220896e+05
  2.01253007e+05 1.70260627e+05 1.74021844e+05 1.69573271e+05
  2.20527668e+05 1.69816355e+05 2.33505681e+05 2.14744390e+05
  1.99964272e+05 2.10938811e+05 2.00122987e+05 1.94455302e+05
  1.97551303e+05 1.79950677e+05 2.35332067e+05 1.78877165e+05
  1.79187468e+05 1.94519476e+05 1.80290279e+05 1.92238099e+05
  1.97659618e+05 1.95058243e+05 1.85903369e+05 1.80867869e+05
  1.71482190e+05 1.63863596e+05 1.59799485e+05 1.89395110e+05
  1.88619257e+05 1.71616382e+05 1.65890126e+05 1.70682661e+05
  1.81134157e+05 2.02825256e+05 1.81977354e+05 1.72588105e+05
  1.76086981e+05 1.71678133e+05 1.90250273e+05 1.57739939e+05
  1.53761868e+05 1.51706961e+05 1.57934207e+05 1.50725365e+05
  1.49286230e+05 2.19811079e+05 1.90580006e+05 2.28614757e+05
  1.86742067e+05 1.66120730e+05 1.65837764e+05 1.64976896e+05
  2.01130060e+05 2.03418694e+05 2.19077120e+05 2.08474577e+05
  2.22568444e+05 1.75352018e+05 1.67211904e+05 2.15692998e+05
  1.47727575e+05 1.85538987e+05 1.99516493e+05 1.84719074e+05
  1.50246667e+05 1.48952630e+05 1.78706890e+05 1.99808785e+05
  1.74793983e+05 1.74670043e+05 1.97975099e+05 1.87839763e+05
  1.55968135e+05 1.92824240e+05 1.82335396e+05 1.93934682e+05
  1.62687084e+05 1.78130978e+05 1.56274040e+05 1.65563429e+05
  1.74415741e+05 1.67783376e+05 1.99686143e+05 1.57989374e+05
  1.69302184e+05 1.45148153e+05 1.55091834e+05 1.70112777e+05
  1.77576400e+05 1.65993741e+05 1.42254092e+05 1.71902936e+05
  1.51988767e+05 1.60799564e+05 2.03423465e+05 1.79885791e+05
  1.29064449e+05 1.53764600e+05 1.44844414e+05 2.21780241e+05
  1.76690050e+05 1.64019707e+05 1.54540418e+05 1.63582673e+05
  1.63966178e+05 1.63089547e+05 1.55934423e+05 1.40583226e+05
  1.63533184e+05 1.74408768e+05 1.72376225e+05 1.85146177e+05
  1.56302188e+05 1.56799559e+05 1.59390822e+05 1.91008669e+05
  1.75675007e+05 1.67720052e+05 1.71783607e+05 1.76903515e+05
  1.67845634e+05 1.61195672e+05 1.46636246e+05 1.33501724e+05
  1.45103493e+05 1.76841686e+05 1.91847383e+05 1.54060731e+05
  1.35427282e+05 1.63345095e+05 1.76033919e+05 1.43209348e+05
  1.71544876e+05 1.73715492e+05 1.54634305e+05 1.50906554e+05
  1.72080277e+05 1.67331335e+05 1.84922056e+05 1.92785867e+05
  1.85244368e+05 1.87714977e+05 1.63997466e+05 1.78357415e+05
  1.77060771e+05 1.42052176e+05 1.69308401e+05 1.34662073e+05
  1.66234581e+05 1.65910185e+05 1.56907698e+05 1.66633259e+05
  1.59188482e+05 1.91218267e+05 1.74054450e+05 2.16563034e+05
  1.37340918e+05 1.85978713e+05 1.61088450e+05 1.77820327e+05
  1.57798220e+05 1.52165381e+05 1.64358881e+05 1.90677628e+05
  1.93668012e+05 2.22370889e+05 2.03501246e+05 1.80157799e+05
  1.68581857e+05 1.79112740e+05 2.32661829e+05 2.26934918e+05
  2.26989028e+05 2.00667109e+05 1.99440262e+05 1.85834834e+05
  2.02620577e+05 1.71546588e+05 1.76567248e+05 1.90177857e+05
  1.74741214e+05 1.97360038e+05 1.59378895e+05 1.89887162e+05
  1.85840518e+05 1.83601363e+05 1.86755192e+05 1.63673955e+05
  1.51401469e+05 1.99266352e+05 2.08255456e+05 1.83861968e+05
  1.94403269e+05 1.93528807e+05 2.04012674e+05 1.78654474e+05
  1.92638535e+05 1.71959229e+05 1.68391372e+05 1.55540288e+05
  1.47124259e+05 1.76513103e+05 1.88108277e+05 1.86809254e+05
  1.63571273e+05 1.59328063e+05 1.54744046e+05 1.67116165e+05
  1.56095486e+05 1.82842662e+05 1.77681265e+05 2.11440249e+05
  1.62673467e+05 1.90741940e+05 1.84455377e+05 2.13943275e+05
  1.43819672e+05 1.51103267e+05 1.51284609e+05 2.03067537e+05
  2.35711409e+05 1.95715678e+05 1.36452636e+05 1.82303986e+05
  1.64956107e+05 2.00639001e+05 1.55131513e+05 1.73334796e+05
  1.91829899e+05 2.17398450e+05 2.01466532e+05 2.08039040e+05
  1.90315386e+05 1.96736392e+05 2.14876347e+05 1.63082224e+05
  1.84084766e+05 1.45769445e+05 1.61012377e+05 1.53883894e+05
  1.66942143e+05 1.85090381e+05 1.79472288e+05 1.70605220e+05
  1.80734215e+05 1.88914253e+05 1.83878066e+05 1.87630395e+05
  1.66744256e+05 1.84129934e+05 1.89570066e+05 1.70188273e+05
  2.23575699e+05 2.11947778e+05 2.12925382e+05 1.92178101e+05
  2.39436014e+05 1.97008436e+05 1.74854493e+05 2.23172196e+05
  2.04007260e+05 1.74313361e+05 2.01340443e+05 1.67612121e+05
  2.42630902e+05 1.81428612e+05 2.20542024e+05 1.85876381e+05
  1.55509355e+05 1.51052478e+05 1.39709976e+05 1.40868417e+05
  1.52571584e+05 1.63493974e+05 1.51491254e+05 1.96286106e+05
  2.36449924e+05 2.14026489e+05 2.41448864e+05 2.42227236e+05
  2.21380462e+05 1.99404914e+05 2.13947405e+05 2.36594314e+05
  1.91424911e+05 2.38162341e+05 2.42685280e+05 2.05522985e+05
  1.81483657e+05 2.00401408e+05 1.72126203e+05 1.72126203e+05
  1.69585998e+05 1.74910594e+05 1.80832356e+05 1.62675751e+05
  1.74917990e+05 1.81087864e+05 1.91607262e+05 1.73794153e+05
  1.89656183e+05 1.68327813e+05 2.11226982e+05 1.79963571e+05
  2.05442683e+05 2.12057091e+05 2.14725905e+05 2.04004588e+05
  2.22602188e+05 2.07617319e+05 1.94263464e+05 1.98863336e+05
  1.94826496e+05 1.82430916e+05 1.77369460e+05 1.94458328e+05
  1.67246788e+05 1.84680735e+05 1.86760007e+05 1.68743802e+05
  1.67410240e+05 1.77894677e+05 1.81371076e+05 1.88966805e+05
  1.82282709e+05 1.82957607e+05 1.56817876e+05 1.50054140e+05
  1.50955687e+05 1.46124593e+05 1.94155392e+05 1.84224324e+05
  2.23488418e+05 2.36618568e+05 1.62892686e+05 1.53720179e+05
  1.62365844e+05 1.66075223e+05 1.83123827e+05 1.67971701e+05
  1.73273498e+05 1.78242797e+05 1.60128457e+05 1.89190757e+05
  1.70584885e+05 1.71336156e+05 2.10555206e+05 1.73375697e+05
  2.61459914e+05 2.01412002e+05 1.85550854e+05 1.81966841e+05
  1.96420580e+05 1.97783714e+05 1.88841009e+05 1.71803335e+05
  1.54589528e+05 1.96506027e+05 1.87068603e+05 1.54967987e+05
  1.64686495e+05 1.65085709e+05 1.39915274e+05 1.82081037e+05
  1.72557737e+05 1.56078853e+05 2.03256348e+05 1.64383235e+05
  1.80087574e+05 1.90669896e+05 1.64201350e+05 1.53945631e+05
  1.67341878e+05 1.60521374e+05 2.03455143e+05 1.91947634e+05
  2.01885619e+05 1.52636155e+05 1.56303608e+05 1.35518207e+05
  1.88515062e+05 1.61203825e+05 1.76441957e+05 1.67052364e+05
  1.50611310e+05 1.67110358e+05 1.56351549e+05 1.67081723e+05
  1.51624977e+05 1.61502990e+05 1.90309853e+05 1.76872504e+05
  1.46050803e+05 1.59637277e+05 1.65180269e+05 1.68496166e+05
  1.58873430e+05 1.34122871e+05 1.64495443e+05 1.74444534e+05
  1.79956618e+05 1.78394971e+05 1.48583611e+05 1.78361941e+05
  1.46329549e+05 1.46759609e+05 1.78653884e+05 1.25944047e+05
  1.85456031e+05 1.77166664e+05 1.63273028e+05 1.52802369e+05
  2.09925056e+05 1.65912872e+05 1.60040745e+05 2.14856928e+05
  1.56917971e+05 1.60187450e+05 1.59565102e+05 1.79439699e+05
  1.80417608e+05 1.55301770e+05 1.57020710e+05 1.75269845e+05
  1.49586501e+05 1.71153893e+05 1.61900089e+05 1.49088319e+05
  1.53983500e+05 1.46642245e+05 1.52848769e+05 1.41619513e+05
  1.91783299e+05 1.88953269e+05 1.86854936e+05 1.92486583e+05
  1.67686329e+05 1.42385075e+05 1.74913953e+05 1.85598133e+05
  1.68086260e+05 1.55124538e+05 1.59731658e+05 1.48779865e+05
  1.64704546e+05 1.58846831e+05 1.64799801e+05 1.69174780e+05
  1.58097144e+05 1.58711390e+05 1.61231003e+05 1.62732931e+05
  1.68926636e+05 1.55064665e+05 1.75971504e+05 1.95837413e+05
  1.69445025e+05 1.60144377e+05 1.99726287e+05 1.48784694e+05
  1.92718667e+05 1.81278878e+05 1.48089503e+05 1.62374167e+05
  2.27543404e+05 1.90300886e+05 2.10452352e+05 2.01797380e+05
  1.70499873e+05 1.92509651e+05 2.31819083e+05 2.03253622e+05
  1.89959636e+05 1.91758905e+05 1.60220123e+05 1.79066159e+05
  1.92638415e+05 1.80726806e+05 1.94055289e+05 1.72100484e+05
  1.63485511e+05 1.92156288e+05 2.06974405e+05 2.00700991e+05
  2.06972549e+05 2.12187220e+05 1.90068760e+05 1.45028000e+05
  2.02471640e+05 1.81162423e+05 1.92132647e+05 1.78516977e+05
  1.61808041e+05 1.65049030e+05 1.60968494e+05 1.65772886e+05
  1.66446898e+05 3.47189589e+05 1.56201273e+05 1.57419485e+05
  1.40404694e+05 1.55011933e+05 1.55974844e+05 1.53693771e+05
  1.64161261e+05 1.58938260e+05 1.73042015e+05 1.88362451e+05
  1.64077781e+05 1.71914174e+05 1.68584941e+05 1.79171434e+05
  1.95810023e+05 1.68276811e+05 1.59239203e+05 1.92809604e+05
  2.07238412e+05 2.25216223e+05 1.44109257e+05 1.47954272e+05
  1.51656124e+05 1.56338194e+05 1.76696406e+05 1.49935260e+05
  1.92869279e+05 1.53859516e+05 1.59407341e+05 1.46804643e+05
  1.43649497e+05 1.82708107e+05 1.82068680e+05 2.32012846e+05
  1.93873374e+05 1.91107978e+05 1.92237679e+05 1.75555659e+05
  1.91325821e+05 1.93421992e+05 1.72464939e+05 1.85389088e+05
  1.87417323e+05 1.85419796e+05 1.82998497e+05 1.88769055e+05
  1.97452099e+05 2.12137614e+05 1.78258500e+05 1.59360819e+05
  1.60640106e+05 1.78989383e+05 1.53807118e+05 1.64256933e+05
  1.40991344e+05 1.40438186e+05 1.76891663e+05 1.41167749e+05
  1.44427759e+05 1.45920811e+05 1.58688271e+05 2.56167730e+05
  1.88882181e+05 1.69154671e+05 1.83986926e+05 1.83378832e+05
  1.73310024e+05 2.03062426e+05 1.68005292e+05 1.78230540e+05
  1.77757970e+05 1.61160597e+05 1.68442374e+05 2.23655559e+05
  2.91066155e+05 2.29581297e+05 1.87416002e+05 2.26949839e+05
  2.17659935e+05 1.75001056e+05 1.77480198e+05 1.96409094e+05
  1.96396932e+05 1.71447553e+05 1.77270273e+05 1.79295308e+05
  1.74888791e+05 1.89557440e+05 1.79878373e+05 1.51802630e+05
  1.64184477e+05 1.68251283e+05 1.78253762e+05 1.44672984e+05
  1.50581781e+05 1.49960195e+05 1.53963135e+05 2.05100232e+05
  1.99704742e+05 2.24229712e+05 2.41395675e+05 2.24865133e+05
  2.21636966e+05 2.43635515e+05 2.40339126e+05 2.38581114e+05
  2.20707319e+05 2.02397740e+05 2.07244717e+05 2.47513042e+05
  2.22344890e+05 1.95678282e+05 1.93380598e+05 1.94181632e+05
  1.98772793e+05 1.67592495e+05 1.67595420e+05 1.72191179e+05
  1.80370840e+05 1.85550983e+05 1.71260976e+05 1.69877696e+05
  1.85495124e+05 1.77018428e+05 1.77368358e+05 1.73625068e+05
  1.82545232e+05 1.78388202e+05 1.73206416e+05 1.70073174e+05
  1.69382761e+05 1.80549061e+05 1.63190199e+05 1.75066855e+05
  1.72188238e+05 1.87299139e+05 1.74256339e+05 1.89462548e+05
  1.92582024e+05 1.83620698e+05 1.82598007e+05 2.32333667e+05
  2.46450696e+05 2.26020764e+05 2.13760306e+05 2.07634047e+05
  2.22439477e+05 1.79232329e+05 1.92586864e+05 1.86749328e+05
  2.15478227e+05 1.85506445e+05 1.84331376e+05 1.83831855e+05
  1.95977821e+05 1.95861726e+05 1.75855299e+05 1.75988862e+05
  1.87185534e+05 1.80308363e+05 1.99096546e+05 1.89953701e+05
  1.97314023e+05 2.17718147e+05 1.57087725e+05 1.59099023e+05
  1.69700550e+05 1.80681939e+05 1.91490851e+05 1.60900183e+05
  1.48046485e+05 1.60160787e+05 2.31995665e+05 1.62417297e+05
  1.67207479e+05 1.70917960e+05 1.58539965e+05 1.78205512e+05
  1.67883344e+05 1.80281802e+05 1.64334692e+05 1.66827892e+05
  1.74939389e+05 1.96884865e+05 2.15713214e+05 1.82928205e+05
  2.27502865e+05 2.43582914e+05 1.68852473e+05 2.12888938e+05
  1.61970975e+05 1.76693587e+05 1.90893374e+05 1.87569228e+05
  2.00721631e+05 1.65354531e+05 1.61735574e+05 1.60352035e+05
  1.72175632e+05 1.58543402e+05 1.74486210e+05 1.58535233e+05
  1.51184343e+05 1.67087236e+05 1.60300807e+05 1.98277822e+05
  1.77422427e+05 2.08064319e+05 1.58475350e+05 1.31701756e+05
  1.27186223e+05 1.41949075e+05 1.64145173e+05 1.87328130e+05
  1.72623587e+05 1.71550981e+05 1.53224188e+05 1.53719197e+05
  1.61841225e+05 1.63729300e+05 1.92847963e+05 1.53976027e+05
  1.80370638e+05 1.68366997e+05 1.67623358e+05 1.83165140e+05
  1.57813060e+05 1.56578110e+05 1.51738081e+05 1.73961516e+05
  1.52880295e+05 1.87163816e+05 1.63857442e+05 1.78913022e+05
  1.85625939e+05 2.60849851e+05 1.68687405e+05 1.70993705e+05
  1.81634385e+05 1.50241045e+05 1.53293209e+05 1.65316902e+05
  1.56004997e+05 1.62307476e+05 1.66443071e+05 1.73167479e+05
  1.50081545e+05 1.46607343e+05 1.50195596e+05 1.53603419e+05
  1.63197664e+05 1.48857168e+05 1.44257008e+05 1.57542126e+05
  1.60532176e+05 1.52523623e+05 1.86712503e+05 1.89038177e+05
  1.79759171e+05 1.54724090e+05 1.79265376e+05 1.57637605e+05
  2.19372359e+05 1.54659524e+05 1.79067879e+05 1.53834820e+05
  1.70448624e+05 1.57862886e+05 1.54802390e+05 1.45774375e+05
  1.67320857e+05 1.62185735e+05 1.66459028e+05 1.61261080e+05
  2.01097853e+05 1.68807505e+05 1.68651752e+05 1.61211910e+05
  1.55101932e+05 1.56729206e+05 2.18063900e+05 1.91206408e+05
  2.05276554e+05 1.60573902e+05 1.71757873e+05 2.11840976e+05
  1.56629116e+05 1.59984162e+05 1.83744981e+05 1.65959647e+05
  1.67361362e+05 1.62060667e+05 1.52602851e+05 1.51015505e+05
  1.55377106e+05 1.51451743e+05 1.81730818e+05 2.35707920e+05
  1.60879922e+05 1.75733726e+05 1.71680215e+05 1.57630199e+05
  1.87016591e+05 1.86639932e+05 2.09282391e+05 1.80714035e+05
  2.30482144e+05 1.81161352e+05 1.45800887e+05 1.57541025e+05
  1.51049435e+05 1.72243867e+05 1.76952878e+05 1.66035213e+05
  2.11602034e+05 1.94362192e+05 1.93985501e+05 2.18977046e+05
  1.95531299e+05 1.92052468e+05 1.84339448e+05 1.69846927e+05
  1.87927441e+05 1.90823834e+05 2.10080247e+05 1.70402547e+05
  1.67978265e+05 1.56831937e+05 1.72365834e+05 1.94161899e+05
  1.89974718e+05 1.83427444e+05 1.89024171e+05 1.57352547e+05
  1.58282144e+05 1.61156373e+05 1.63193346e+05 1.63300486e+05
  1.53567481e+05 1.50526492e+05 1.52552948e+05 1.95176723e+05
  1.93512451e+05 1.83234490e+05 1.91099184e+05 2.22851923e+05
  2.07464617e+05 1.87209761e+05 1.73041439e+05 1.68875169e+05
  1.73409040e+05 1.73153180e+05 1.75275075e+05 1.55751471e+05
  1.61852717e+05 1.80546480e+05 1.66952205e+05 1.57268664e+05
  2.05788371e+05 1.68249712e+05 4.01950647e+05 1.55493606e+05
  1.51708342e+05 1.57449543e+05 1.61966086e+05 1.48552327e+05
  1.44855682e+05 1.51065530e+05 2.15648749e+05 1.73342633e+05
  1.59810423e+05 1.46409227e+05 1.65506304e+05 1.65312084e+05
  1.77017583e+05 1.73847741e+05 1.82909700e+05 1.64421806e+05
  2.09573655e+05 2.00406851e+05 1.44552088e+05 2.05362642e+05
  1.52794014e+05 2.09636551e+05 2.54950863e+05 1.61898518e+05
  1.70988922e+05 1.81733465e+05 1.37206269e+05 1.47339605e+05
  1.86810147e+05 1.60447312e+05 1.50695820e+05 1.83809668e+05
  1.77430133e+05 1.80767265e+05 1.85015423e+05 1.82990901e+05
  1.53286583e+05 1.59490362e+05 1.75512278e+05 2.33890204e+05
  1.90210073e+05 1.84947325e+05 1.72525075e+05 1.70422932e+05
  2.07882511e+05 1.81218426e+05 2.17916395e+05 2.07722446e+05
  2.62505101e+05 1.52667734e+05 1.43744598e+05 1.40437942e+05
  1.41169414e+05 1.44732127e+05 1.61262134e+05 1.86029899e+05
  2.28747266e+05 1.70508338e+05 1.40945689e+05 2.13724853e+05
  1.70130049e+05 1.51914043e+05 1.53774123e+05 1.74503307e+05
  1.59865568e+05 2.04306609e+05 2.21556593e+05 2.02520269e+05
  1.73982335e+05 1.86058633e+05 1.85712877e+05 2.04739819e+05
  2.20274851e+05 2.38763702e+05 1.64820780e+05 1.60574356e+05
  2.40392823e+05 2.66705794e+05 2.19952237e+05 2.42332362e+05
  2.39774463e+05 1.91915611e+05 2.22049923e+05 1.66705312e+05
  1.91025494e+05 1.65074936e+05 2.07423864e+05 1.93445713e+05
  1.64691231e+05 1.50946551e+05 1.79220112e+05 1.47210553e+05
  1.58739035e+05 1.41606564e+05 1.38244245e+05 1.43857674e+05
  1.54265359e+05 1.72561659e+05 1.49854090e+05 1.63282114e+05
  2.38635469e+05 2.02661750e+05 2.02601063e+05 2.14393918e+05
  2.12953067e+05 2.07046046e+05 2.13081273e+05 2.14020216e+05
  2.20809146e+05 2.07754118e+05 2.07650271e+05 2.05524899e+05
  1.82064350e+05 1.93760754e+05 1.87676624e+05 1.73593828e+05
  1.75512695e+05 1.77963276e+05 2.14383000e+05 1.73810415e+05
  1.67373967e+05 1.73548436e+05 1.75423202e+05 1.56884088e+05
  1.78838242e+05 1.90142600e+05 2.13478545e+05 1.99966923e+05
  2.09298787e+05 2.34802301e+05 2.28729040e+05 2.75583650e+05
  2.20915380e+05 2.37113100e+05 2.02944527e+05 2.04236693e+05
  1.86055140e+05 1.72862665e+05 2.38632923e+05 1.83472888e+05
  1.59345700e+05 1.82309625e+05 1.66639177e+05 1.80766397e+05
  1.76118421e+05 1.89511164e+05 1.83845495e+05 1.75604997e+05
  1.66586622e+05 1.66488512e+05 1.59319926e+05 1.85623865e+05
  1.69478245e+05 1.56387415e+05 1.51537582e+05 1.54330486e+05
  1.63714118e+05 1.48031068e+05 1.53446557e+05 2.38665605e+05
  2.37108072e+05 1.59282079e+05 1.52002800e+05 1.66328999e+05
  1.50575182e+05 1.80928401e+05 1.83973239e+05 1.73910016e+05
  1.75682586e+05 1.61948183e+05 1.84716868e+05 1.58090176e+05
  1.51314451e+05 1.59747209e+05 1.66813513e+05 1.82831454e+05
  1.82679975e+05 1.71554043e+05 1.70559999e+05 1.45994920e+05
  1.58959207e+05 1.79022118e+05 1.87582580e+05 1.67033532e+05
  1.82560985e+05 1.54032925e+05 1.85924498e+05 1.74923486e+05
  1.59262930e+05 1.72850766e+05 1.74895765e+05 1.75182449e+05
  1.64383163e+05 1.57196451e+05 1.61976891e+05 1.85851470e+05
  1.65112956e+05 1.59792156e+05 1.65694364e+05 1.59929453e+05
  2.27484402e+05 1.86544968e+05 2.44984016e+05 1.67516615e+05
  1.45104158e+05 1.48782101e+05 1.35860023e+05 1.73866034e+05
  1.88394100e+05 1.65081688e+05 1.66584201e+05 1.96450820e+05
  1.84223896e+05 2.33208953e+05 1.81449396e+05 1.58475831e+05
  1.78825643e+05 1.60461776e+05 1.58546381e+05 1.47586854e+05
  1.51897795e+05 1.95898844e+05 1.82866319e+05 1.74194465e+05
  1.71153441e+05 1.67729474e+05 1.42090720e+05 1.91012160e+05
  1.55072681e+05 1.42585024e+05 1.49501534e+05 1.62635648e+05
  1.52955097e+05 1.70959851e+05 1.29079104e+05 1.62995651e+05
  1.42782167e+05 1.94659177e+05 1.52896772e+05 1.58865935e+05
  1.47240062e+05 1.88824198e+05 1.53947991e+05 1.59112029e+05
  1.50046736e+05 2.54433976e+05 1.71814041e+05 1.62160991e+05
  1.44048454e+05 1.52458173e+05 1.77077784e+05 2.05556123e+05
  2.05186972e+05 1.55880991e+05 1.43520901e+05 1.55274618e+05
  1.65296950e+05 1.55874371e+05 1.59230447e+05 1.80944797e+05
  1.59283743e+05 2.05901085e+05 2.03031944e+05 1.62320999e+05
  2.14257442e+05 1.65195255e+05 1.53294766e+05 1.70377837e+05
  1.75270010e+05 1.54696418e+05 2.16477728e+05 2.81817497e+05
  1.88933644e+05 1.86232548e+05 1.61116780e+05 1.79673549e+05
  2.23023407e+05 1.84148115e+05 2.00670623e+05 1.68357143e+05
  2.05471422e+05 1.93516119e+05 1.92166533e+05 1.89462993e+05
  1.80058346e+05 1.81399077e+05 1.69484370e+05 1.79674521e+05
  1.79682675e+05 1.85171910e+05 1.94070618e+05 1.66532378e+05
  1.75852095e+05 1.47730685e+05 1.87668207e+05 1.85646239e+05
  1.78438897e+05 1.90484003e+05 2.07575194e+05 2.15584947e+05
  1.97588915e+05 1.98747959e+05 1.44970648e+05 1.77890359e+05
  1.84470196e+05 1.78877616e+05 1.74929332e+05 1.70210030e+05
  1.52756837e+05 1.75940704e+05 1.81741331e+05 1.49073905e+05
  2.11352575e+05 1.55470265e+05 1.73971537e+05 1.46441252e+05
  1.66357266e+05 1.80038275e+05 1.92193496e+05 1.62068486e+05
  1.29919094e+05 1.68912204e+05 1.78481092e+05 1.64004313e+05
  1.67197811e+05 1.64268748e+05 1.76742179e+05 1.73640783e+05
  1.59698246e+05 1.93420202e+05 1.89102754e+05 1.81384031e+05
  1.84800871e+05 1.93852995e+05 2.16428201e+05 1.51574055e+05
  1.63468911e+05 1.36634427e+05 1.35689662e+05 1.79800991e+05
  1.45381355e+05 1.68218195e+05 1.44802817e+05 1.91181765e+05
  1.82494922e+05 2.10218285e+05 1.90243991e+05 1.82467487e+05
  1.71997946e+05 2.49096957e+05 1.76639934e+05 2.13309307e+05
  2.04300367e+05 2.16554950e+05 1.76526450e+05 1.54718272e+05
  1.52359612e+05 1.97640408e+05 1.25519546e+05 1.43692008e+05
  1.80288177e+05 1.44044410e+05 1.41191053e+05 1.41791364e+05
  1.44572350e+05 1.85774808e+05 1.54997708e+05 1.97409114e+05]]


 217995017.51256078 [[ 0.07788034  0.7133095   1.46243911  0.12544599  0.35579061 23.83292892
  19.54413947  8.5474803  27.22730597  9.94097974 23.34086233]]

Second order
i=26170000, loss=340800161.667920, theta=[[ 3.60265098e-01  2.46275510e-01  8.04918501e-01  4.82453910e-01
   1.29992393e-06  4.73515287e-01  7.89377420e-01  8.36914020e-01
   2.24681044e-01  7.75774317e-01  1.63539145e-01  9.46034442e-01
   1.15162363e-01  9.81370023e-01  3.66160460e-01  3.54830094e-01
  -1.00825671e-01  5.44635285e-01  3.80874918e-01  2.87586977e-01
  -1.48562384e-01]]
