
No scaling
First order
loss 738011941.5794727 
theta [[ 7.83711816e+00 -1.21706152e+02  3.70638179e-01  1.04989734e+02
   2.70656439e+01  6.13613180e+02  8.61030657e+01  5.85439699e+01
   1.52514953e+01  7.35647331e+01 -6.00026694e+02]]

==== Discarded
No scalling
Second order
loss 207975444862911.53 
theta [[ 1.58431827e+00  4.22260302e+00  7.69370639e+00  5.22689850e+00
  -2.47138081e-04  6.90881433e+00  5.46933934e+00  1.67844071e-01
   9.95408941e+00  4.73507871e+00  1.17142838e+00  8.41498674e+00
   4.19189754e+00  9.56567480e+00  4.27190822e+00  1.40366774e+00
  -1.47285940e+00  2.01973371e+00  4.53804498e+00  5.46036646e+00
  -2.47016955e+00]]

Third order
loss 1.2651765605575043e+25 
theta [[ 4.18438407e-02  1.42893679e+00  1.94830527e+00  7.11964443e+00
   9.35795393e-01  1.80282216e+00 -3.41675477e-05  4.73018095e-01
   7.52056447e+00  6.64618119e+00  6.39629344e-02  5.30975783e+00
   4.95064672e+00  1.63666898e+00  5.68185515e+00  3.82452103e+00
   4.99109394e+00  9.18156543e-01  1.05294407e+00  3.83921191e+00
   6.84902604e+00  7.62036665e-01  1.98900929e+00  1.28321791e+00
   8.05208567e+00  5.49385262e+00  3.61525714e+00  6.40910451e+00
   9.93268444e+00  5.59785382e+00  2.97276444e+00]]

Scaled First order
loss 36351378846768.21 
theta [[-0.73573041  0.23330078  2.04348898  0.8409603   1.35032522  1.59449101
  -0.77880503 -1.05751356  2.90621282 -0.24547007 -2.44408887]]

